rgb(250, 230, 37)
rgb(236, 229, 37)
rgb(225, 228, 38)
rgb(213, 226, 40)
rgb(202, 225, 40)
rgb(190, 223, 42)
rgb(178, 221, 45)
rgb(167, 219, 55)
rgb(156, 216, 63)
rgb(145, 213, 70)
rgb(134, 211, 76)
rgb(122, 208, 82)
rgb(110, 206, 88)
rgb(101, 202, 94)
rgb(93, 198, 100)
rgb(84, 194, 105)
rgb(75, 190, 110)
rgb(65, 187, 115)
rgb(55, 183, 120)
rgb(51, 179, 124)
rgb(47, 175, 126)
rgb(44, 171, 129)
rgb(41, 167, 131)
rgb(38, 163, 134)
rgb(34, 159, 137)
rgb(34, 155, 138)
rgb(35, 150, 139)
rgb(35, 146, 139)
rgb(36, 141, 140)
rgb(36, 137, 141)
rgb(37, 132, 141)
rgb(38, 128, 142)
rgb(41, 124, 142)
rgb(42, 120, 142)
rgb(44, 116, 142)
rgb(46, 112, 142)
rgb(47, 107, 142)
rgb(49, 103, 142)
rgb(51, 98, 141)
rgb(54, 93, 140)
rgb(56, 88, 140)
rgb(58, 83, 139)
rgb(60, 78, 138)
rgb(62, 73, 137)
rgb(64, 68, 134)
rgb(65, 63, 132)
rgb(67, 57, 129)
rgb(69, 52, 126)
rgb(70, 47, 124)
rgb(72, 41, 121)
rgb(72, 36, 115)
rgb(71, 29, 110)
rgb(71, 24, 104)
rgb(70, 17, 98)
rgb(69, 10, 92)
rgb(69, 1, 84)
